186
198
186
168
186
198
186
198
361
283
289
303
284
272
285
259
255
260
272
303
284
272
285
259
255
260
272
260
254
261
240
252
241
273
284
290
303
284
272
285
259
254
260
272
260
254
261
259
242
253
230
240
240
361
255
260
272
260
254
260
242
253
242
229
243
254
259
242
218
217
213
201
210
211
258
252
242
229
242
255
240
241
289
283
272
260
261
242
251
210
258
252
242
228
242
255
240
241
289
283
272
260
261
242
251
361
284
285
290
303
284
272
285
259
255
258
271
260
254
259
242
263
230
240
240
361
255
260
272
260
254
260
253
242
229
242
255
241
254
259
242
218
217
213
201
210
212
259
253
242
229
242
255
240
241
289
283
272
260
251
242
252
211
259
253
242
229
242
255
240
241
289
283
272
260
251
242
252
211
259
253
242
229