803
805
807
809
446
576
556
534
523
501
479
457
443
444
576
556
534
523
501
479
457
476
444
576
556
534
523
501
479
457
443
809
446
455
477
499
521
477
499
521
532
370
370
367
382
371
382
371
382
371
370
370
367
382
371
382
371
347
370
370
367
382
371
382
371
347
370
370
805
809
387
422
411
387
345
356
377
356
379
391
411
391
369
387
392
545
557
387
455
477
509
488
508
521
499
473
495
495
509
312
444
424
402
391
402
369
314
444
424
402
391
402
424
314
444
424
402
391
400
369
387
400
424
314
444
424
402
391
402
369
314
444
424
402
391
402
424
446
400
422
455
457
444
466
488
521
530
521
499
521
532
554
576
368
372
813
805
368
372
813
805
368
372
813
805
368
372
813
807
809
424
554
534
512
501
479
457
435
421
809
424
554
534
512
501
479
457
435